# # x y timestamp polarity
# # metadata: {'sensor_type': 'DVS240', 'recording_duration': np.float64(0.9715400873640954), 'total_events': 500}
1.457108342242023298e+02 1.476318222962563311e+02 6.262105145996577906e-04 1.000000000000000000e+00
1.907302497694902854e+01 7.701816329823150120e+00 3.521383686154926605e-03 1.000000000000000000e+00
8.176096491375533049e+01 1.611757189017499456e+02 6.548229472175181795e-03 1.000000000000000000e+00
1.827740211141720295e+02 3.872852995829036615e+01 7.760500912839087342e-03 1.000000000000000000e+00
1.366390883857790755e+02 9.945325262693306456e+01 8.988757471270531277e-03 1.000000000000000000e+00
1.569931510436727251e+02 1.011245879563204824e+02 1.144450303254459893e-02 1.000000000000000000e+00
1.167793156783736492e+02 1.015547704744983406e+02 1.347670044127671947e-02 -1.000000000000000000e+00
7.950326394014062714e+01 9.291154954073221006e+01 1.603668217080314595e-02 1.000000000000000000e+00
1.869904691808120560e+02 4.876947531804473357e+01 1.689657852513959738e-02 1.000000000000000000e+00
1.445576060963153679e+02 4.502617910835424198e+01 1.869968411728879787e-02 1.000000000000000000e+00
1.451498085293766849e+02 1.336864785740824857e+02 2.902722155486547190e-02 -1.000000000000000000e+00
1.174942512628330462e+02 1.535225990088633807e+02 2.932540458059058538e-02 1.000000000000000000e+00
5.897214506125450839e+01 3.032078304213248643e+01 3.143895246547946665e-02 1.000000000000000000e+00
6.776924226680834806e+01 3.655003409953311433e+01 3.620944519846384935e-02 -1.000000000000000000e+00
8.281037906295875928e+01 4.716138351315102284e+01 3.762108412474146624e-02 1.000000000000000000e+00
1.138339402353555130e+01 1.706256385420639177e+01 4.072154754393372822e-02 -1.000000000000000000e+00
8.238051267962943314e+01 1.592823582359191619e+02 4.107790184423921326e-02 -1.000000000000000000e+00
1.002383744420654352e+02 1.740451087137832786e+01 4.415412508607371306e-02 -1.000000000000000000e+00
1.294800033588290944e+02 3.967101206457827800e+01 5.153704482795420233e-02 -1.000000000000000000e+00
2.380800575332397102e+02 6.436339587142165897e+01 5.267807915600219992e-02 1.000000000000000000e+00
1.759288489108365070e+02 4.663157388431883987e+01 5.307201635935643314e-02 -1.000000000000000000e+00
3.549551372120669157e+01 7.891711717929113945e+01 5.312545646118377318e-02 1.000000000000000000e+00
1.035106049873614751e+02 1.050358433315350197e+02 5.623686443696766790e-02 -1.000000000000000000e+00
1.077048205626064430e+02 7.864529342870991968e+01 5.761506348046464138e-02 -1.000000000000000000e+00
5.987357715027711436e+01 1.179529204801017670e+02 6.155812452952368063e-02 -1.000000000000000000e+00
1.820310968275724122e+02 8.252920031887312291e+01 6.288683233784475579e-02 1.000000000000000000e+00
1.804251542591558177e+02 1.769654150580631935e+01 6.576213892124076199e-02 1.000000000000000000e+00
3.768980611588467156e+01 1.872841261973886517e+01 6.620098207559592385e-02 -1.000000000000000000e+00
1.477375818281374222e+02 8.266246302654914757e+01 7.424250742063832897e-02 -1.000000000000000000e+00
1.037344543009897819e+02 1.330682365020185784e+02 7.539272605734433086e-02 -1.000000000000000000e+00
3.416965792130407920e+01 1.309908236478593722e+02 7.587810040144708779e-02 -1.000000000000000000e+00
7.326660827789238795e+01 6.941347550591260074e+01 7.709660470228832385e-02 -1.000000000000000000e+00
5.275727422422016133e+01 5.840533342901284897e+01 7.869124474077299203e-02 1.000000000000000000e+00
1.415209860807940458e+02 1.773870784900898911e+02 7.930066623696771511e-02 1.000000000000000000e+00
1.483563681356619099e+02 1.055906197411551091e+02 7.930720642597188785e-02 1.000000000000000000e+00
2.536704685794752123e+01 4.514707546858868170e+01 7.965274979245098863e-02 -1.000000000000000000e+00
2.296919532855752948e+02 1.669100498378275290e+02 8.119524611735275121e-02 -1.000000000000000000e+00
1.690090985403908519e+02 1.184109580098374863e+02 8.212586226210506768e-02 -1.000000000000000000e+00
5.262613638355183809e+01 5.054763394635645568e+01 8.264965093912489402e-02 1.000000000000000000e+00
1.193967962754957881e+02 1.670863987954602692e+02 8.630874936763810457e-02 1.000000000000000000e+00
4.408656474229714917e+01 1.554039681601304324e+02 8.970586350124122588e-02 1.000000000000000000e+00
2.331124130821548022e+02 1.722104042787122467e+02 9.099275400572737205e-02 1.000000000000000000e+00
2.738813843973726847e+01 7.370697360368185969e+01 9.247345701401121776e-02 1.000000000000000000e+00
7.964538973401839428e+01 7.633941187045873278e+01 9.839837005369556078e-02 1.000000000000000000e+00
1.188897958139060194e+02 1.604271961210829716e+02 1.009290386287141905e-01 1.000000000000000000e+00
5.540943712234731322e+01 1.069174989472833062e+02 1.053510800823982685e-01 1.000000000000000000e+00
4.618738680511260242e+01 1.440671516146255442e+02 1.058319703843401960e-01 1.000000000000000000e+00
1.297706316588447635e+02 5.795975992820217471e+00 1.066513233423870416e-01 1.000000000000000000e+00
1.022585591132040719e+02 1.751859778733314101e+02 1.072469591260128696e-01 -1.000000000000000000e+00
2.161374832651644340e+02 7.170559411763137803e+01 1.073888692494965602e-01 1.000000000000000000e+00
2.352708819486953757e+02 1.045038276956611583e+02 1.075767412825800046e-01 -1.000000000000000000e+00
5.965250497097896698e+01 1.275396007182961711e+02 1.110340340721692187e-01 -1.000000000000000000e+00
1.904963135529029046e+02 8.876400448464156057e+01 1.116586048770696893e-01 1.000000000000000000e+00
2.163179244371515324e+02 3.819253190412057108e+01 1.125095090752709359e-01 -1.000000000000000000e+00
1.457868831093825293e+02 1.125689371409110180e+02 1.129841817113049068e-01 1.000000000000000000e+00
7.781473152719372877e+01 1.465311750898885350e+02 1.146694290495523516e-01 1.000000000000000000e+00
2.054547824572176751e+02 7.169003241378415225e+01 1.148821331128565132e-01 -1.000000000000000000e+00
4.318732350984323887e+01 1.028231315393796876e+02 1.180615906872383714e-01 -1.000000000000000000e+00
2.011111815870997788e+01 1.419041928218310922e+01 1.192102280905677769e-01 1.000000000000000000e+00
1.188422090802395275e+02 1.149579713716562246e+01 1.194088188506602088e-01 -1.000000000000000000e+00
1.915041327822852395e+02 7.963366305669190126e+01 1.194807481620437095e-01 1.000000000000000000e+00
2.113772245864718400e+02 1.237245901866627307e+01 1.224152645173584297e-01 1.000000000000000000e+00
1.173974460218682907e+02 6.268103142280772033e+00 1.243430695525850754e-01 1.000000000000000000e+00
1.383900210572114418e+02 2.575216477739774845e+01 1.259032872694616778e-01 -1.000000000000000000e+00
1.024894097895314502e+02 1.303477363781182952e+01 1.261646300580945845e-01 1.000000000000000000e+00
2.333755295120829203e+02 7.658393380800259820e+01 1.275099432004855038e-01 1.000000000000000000e+00
1.179225542920284084e+02 3.092493209116926067e+01 1.317357641680269309e-01 -1.000000000000000000e+00
7.833119275585136165e+01 5.963838730577654701e+01 1.337772950352363599e-01 1.000000000000000000e+00
6.420919731287557397e+01 6.566074541516279339e+01 1.354483386016932800e-01 1.000000000000000000e+00
1.630433136431481387e+02 1.739423879300057649e+02 1.365425121303181777e-01 1.000000000000000000e+00
2.069194063284211609e+02 1.444609714128714018e+02 1.381017802252245685e-01 -1.000000000000000000e+00
1.710245444174433658e+02 1.656297273786115340e+02 1.399762401072724982e-01 -1.000000000000000000e+00
1.315089954700850114e+02 1.625287010586889096e+02 1.405183779329303717e-01 -1.000000000000000000e+00
1.361626138349186022e+02 1.229913613331183058e+02 1.435333683352695011e-01 -1.000000000000000000e+00
1.278002432888044240e+02 3.285797259019040961e+00 1.435654696433309729e-01 -1.000000000000000000e+00
9.237476916790997450e+01 2.405689059616155845e+01 1.436615903757302026e-01 -1.000000000000000000e+00
5.440165303538258001e+00 1.342513096835320994e+02 1.524849610485725926e-01 -1.000000000000000000e+00
7.879789616602980118e+01 1.140780084069330087e+02 1.530571544592349287e-01 -1.000000000000000000e+00
1.324747893666494747e+02 1.199370706043039547e+01 1.574116531836546873e-01 -1.000000000000000000e+00
1.828253902573180198e+02 3.890108572628364669e+01 1.580940426504682528e-01 -1.000000000000000000e+00
1.734301164648977363e+02 1.359657812856367229e+02 1.609260242213239323e-01 -1.000000000000000000e+00
1.202120374553436335e+02 1.450824356517843796e+02 1.617432132219360219e-01 1.000000000000000000e+00
1.369314773095869668e+02 5.645620528145360595e+01 1.633230968587174314e-01 1.000000000000000000e+00
2.174788922040166597e+02 9.343619167891569077e+01 1.648910582824335835e-01 1.000000000000000000e+00
6.696353941606386684e+01 9.495705380358909053e+01 1.650037338786347618e-01 -1.000000000000000000e+00
1.245736559112857691e+02 7.291573153917761374e+01 1.683078777817577087e-01 -1.000000000000000000e+00
1.433948323602714652e+02 4.368585287225673852e+01 1.713672156001191105e-01 1.000000000000000000e+00
1.483910715771319531e+02 4.248594596204758744e+01 1.728276385183348252e-01 -1.000000000000000000e+00
1.192387408849341455e+02 5.820386081323525929e+01 1.759514429674512992e-01 1.000000000000000000e+00
5.184571412451333572e+01 5.974616242487515194e+01 1.772446180232162549e-01 1.000000000000000000e+00
1.825854916889879860e+02 1.665740674509095243e+02 1.884821079218781947e-01 1.000000000000000000e+00
1.840952270065662049e+02 5.247172344861569826e+01 1.887286687321048095e-01 -1.000000000000000000e+00
2.053108018330860318e+00 9.956894803930501325e+01 1.908995284558144545e-01 1.000000000000000000e+00
2.295290947908939643e+02 6.448158399345678049e+01 1.928288725203798626e-01 1.000000000000000000e+00
1.775660988697529490e+02 5.134070171205788569e+01 1.932376823421111667e-01 1.000000000000000000e+00
1.881775081315369675e+02 6.300094794573909951e+01 1.938123670215623207e-01 1.000000000000000000e+00
2.709597866486047835e+01 9.529137552159770053e+01 1.940495601500536460e-01 1.000000000000000000e+00
1.688739314594655525e+02 4.204695218985737171e+01 1.944764372397946028e-01 -1.000000000000000000e+00
8.294554682082554109e+01 1.570298273047510662e+01 1.952505157078596454e-01 1.000000000000000000e+00
2.144304766944149492e+02 4.707020326745126226e+01 1.994863064391120266e-01 -1.000000000000000000e+00
1.362069119451164489e+01 7.200568256888838903e+01 2.021575342835972566e-01 -1.000000000000000000e+00
4.792922454046345138e+01 2.238108893996157533e+01 2.043295164539443709e-01 1.000000000000000000e+00
1.566918488814173713e+02 8.938749282946378116e+01 2.046594870564717172e-01 1.000000000000000000e+00
3.500352592955654529e+01 1.047041502184534210e+02 2.051388825051220499e-01 1.000000000000000000e+00
5.030025631965046529e+01 8.625025425165532056e+01 2.063207934526801457e-01 1.000000000000000000e+00
6.633492933419981341e+01 9.997333667214290642e+01 2.067202124160304466e-01 1.000000000000000000e+00
2.315640079120816495e+02 5.805813641273419989e+01 2.108858024709499845e-01 -1.000000000000000000e+00
2.363025499210366718e+02 7.015358834453392944e+01 2.123003139754659485e-01 -1.000000000000000000e+00
1.399939629018739140e+02 4.669764275366510020e+01 2.132647943943625779e-01 1.000000000000000000e+00
2.189920899438393462e+02 9.763781609721935695e+01 2.142889397321247058e-01 -1.000000000000000000e+00
1.231856290869346537e+02 1.270303396214074354e+02 2.145543690529323200e-01 -1.000000000000000000e+00
9.178291216809449793e+01 1.375704376603253465e+01 2.224510467161390781e-01 -1.000000000000000000e+00
1.802617625761684792e+02 1.725112856153272389e+02 2.235002256167551438e-01 1.000000000000000000e+00
1.454439355743085116e+02 9.952902604852116042e+01 2.252149303665101632e-01 -1.000000000000000000e+00
4.786231696983061568e+01 1.503374380076485295e+02 2.277348271598490792e-01 -1.000000000000000000e+00
1.222733901453432850e+02 1.116964855392459413e+02 2.284226738711349347e-01 1.000000000000000000e+00
2.966605480179573817e+00 2.450527540211090383e+01 2.304154086856079753e-01 1.000000000000000000e+00
5.273604300836031200e+01 1.075194786454970739e+02 2.321387405997182574e-01 -1.000000000000000000e+00
1.208654727374389495e+02 2.612156789005937796e+01 2.329174155323530671e-01 1.000000000000000000e+00
4.879922119239986245e+01 1.792106761847038285e+02 2.331091777057437142e-01 -1.000000000000000000e+00
1.186391840595143350e+02 1.085099075379442368e+01 2.383798292788387174e-01 -1.000000000000000000e+00
4.913465588271114370e+01 4.099660852550559298e+01 2.410252321014634269e-01 -1.000000000000000000e+00
1.506051882026077315e+01 8.552885676216989452e+01 2.434053189767425573e-01 1.000000000000000000e+00
2.318197428237334066e+02 1.694589659530071515e+02 2.437325311373528258e-01 1.000000000000000000e+00
1.733080986611776453e+01 5.418155378582227399e+01 2.489987129628405405e-01 -1.000000000000000000e+00
1.310018460902468007e+02 7.713232547227411828e+01 2.527281169760126622e-01 1.000000000000000000e+00
2.209156494647696434e+02 1.672147657745266258e+02 2.536124335314058897e-01 -1.000000000000000000e+00
2.620804000917473786e+00 2.311790387568136751e+01 2.580435621623127229e-01 -1.000000000000000000e+00
9.763039511430721973e+01 6.778687637187881876e+01 2.610184688365305150e-01 -1.000000000000000000e+00
1.179872344600720737e+02 8.195160932826799183e+01 2.633034111968287627e-01 1.000000000000000000e+00
1.602817696171809914e+01 6.586416633795508346e+01 2.648097217366204292e-01 -1.000000000000000000e+00
1.761860763327850918e+02 7.109497707974625769e+01 2.649715080284770208e-01 1.000000000000000000e+00
2.020001950153811663e+02 8.097803853356228387e+01 2.707830853994575016e-01 -1.000000000000000000e+00
1.320038834112934296e+02 3.424958456690806941e+01 2.724676425557050474e-01 1.000000000000000000e+00
2.315442561364531286e+02 8.779754412549391418e+01 2.725301648261747034e-01 -1.000000000000000000e+00
6.386681169956083437e+01 7.927243505236924648e+01 2.773932936733665700e-01 1.000000000000000000e+00
1.846548992759499868e+02 7.027726315402496482e+01 2.777091621070206795e-01 -1.000000000000000000e+00
5.349450187358779374e+01 1.729159925417548322e+02 2.780429352603767112e-01 1.000000000000000000e+00
1.179601476142800323e+02 5.100125774298830095e+01 2.782596648157404928e-01 1.000000000000000000e+00
2.104643455118338693e+02 1.094423610866354011e+02 2.800389370275740974e-01 1.000000000000000000e+00
9.128275957310476940e+01 2.826588343258338654e+01 2.820678027636892016e-01 1.000000000000000000e+00
6.853630642857032740e+01 1.449933135108589397e+02 2.836788268619173103e-01 1.000000000000000000e+00
1.480366126114664667e+02 3.903192276084851642e+01 2.840196821620246670e-01 -1.000000000000000000e+00
8.970867916932414232e+01 5.070002446024402332e+01 2.845048756901202847e-01 -1.000000000000000000e+00
4.331960740518643149e+01 1.238128512814506976e+01 2.899323029477162139e-01 1.000000000000000000e+00
2.715923785805566482e+01 9.155115413895151733e+01 2.904883139557751792e-01 1.000000000000000000e+00
1.562509150669962210e+01 9.009219986258553092e+01 2.940753116605032691e-01 1.000000000000000000e+00
7.112525039663908899e+01 1.336777668235001499e+02 2.965653554008321202e-01 -1.000000000000000000e+00
1.830609696558130111e+02 1.663232334431406798e+02 3.019942828280173797e-01 -1.000000000000000000e+00
4.993241470437019558e+01 1.508503564855085521e+01 3.021560036346369049e-01 1.000000000000000000e+00
1.261325375682728236e+02 7.801604500748776161e+01 3.028024855906276680e-01 1.000000000000000000e+00
1.713697275441217016e+01 1.719708734488531832e+02 3.032596576942801492e-01 -1.000000000000000000e+00
1.582166965970628496e+02 3.014418826043951327e+01 3.047022226164278758e-01 1.000000000000000000e+00
1.438739105138375294e+02 1.903296775054270284e+01 3.051341430226059970e-01 -1.000000000000000000e+00
8.004839654354680079e+01 1.641284841396851277e+02 3.056350680940361220e-01 -1.000000000000000000e+00
1.080901894839065847e+02 6.226301639972000856e+01 3.066868811487456492e-01 1.000000000000000000e+00
3.611615451555775280e+01 4.469045126783434796e+01 3.079086344796878039e-01 1.000000000000000000e+00
2.728222414061445988e+01 3.687613230349893456e+01 3.082546435440773336e-01 1.000000000000000000e+00
1.108004604038325738e+02 3.246941625129125697e+01 3.115130960530156923e-01 -1.000000000000000000e+00
8.679248527065662699e+01 5.087190297451984833e+01 3.151475207651202037e-01 -1.000000000000000000e+00
6.746152422985409203e+01 6.618739872446272443e+01 3.159243067928090287e-01 1.000000000000000000e+00
1.686135692033785460e+02 7.384350957763484047e+00 3.217872070253470218e-01 1.000000000000000000e+00
8.829768293590606731e+01 1.164218391398307659e+02 3.222988115094682082e-01 -1.000000000000000000e+00
2.086532690688842990e+02 1.453027945648842660e+02 3.258917451272410615e-01 -1.000000000000000000e+00
1.406668727504826855e+01 4.646585770772828994e+01 3.322325122832787136e-01 1.000000000000000000e+00
1.198105514467243466e+02 1.622980700248867834e+02 3.362877955405970121e-01 -1.000000000000000000e+00
9.634601815776846934e+01 1.437782766486783430e+02 3.363946427432716324e-01 1.000000000000000000e+00
3.452651043878962867e+01 1.680834414419376444e+01 3.398749341302420013e-01 -1.000000000000000000e+00
3.810732432044557072e+01 6.612979536173212125e+01 3.406033319154770367e-01 1.000000000000000000e+00
1.428097834006985352e+02 8.294979023430903986e-01 3.436616133679026852e-01 1.000000000000000000e+00
1.831721631294373083e+02 9.062168378091365639e+01 3.439429087621718173e-01 -1.000000000000000000e+00
1.815747202795156738e+02 9.816519681394265717e+01 3.439501778380175123e-01 1.000000000000000000e+00
1.515868034108258087e+02 2.572494456666434104e+01 3.469909195533935620e-01 1.000000000000000000e+00
2.392782471595251081e+01 1.219547917038829183e+02 3.481991039843614355e-01 -1.000000000000000000e+00
1.880518190817259381e+02 5.202742399174462662e+01 3.488724945945869127e-01 1.000000000000000000e+00
2.380679343710511660e+02 8.873798823335144448e+01 3.496614376797977375e-01 -1.000000000000000000e+00
5.112881301096563647e+01 4.369072492559766374e+01 3.506166214482774879e-01 -1.000000000000000000e+00
1.058279668285642856e+02 1.723443457283918292e+02 3.522645947466636618e-01 1.000000000000000000e+00
3.895957628024090980e+01 4.183403504400066453e+01 3.526579913709557146e-01 1.000000000000000000e+00
2.613272965834971373e+01 1.698033067049415479e+02 3.538205926676989965e-01 1.000000000000000000e+00
1.667997225459668584e+02 5.307301637507945813e+00 3.566388128241012589e-01 1.000000000000000000e+00
2.504755770356712219e+01 2.379317485298426860e+01 3.590739994503163723e-01 1.000000000000000000e+00
1.077313568501727872e+02 2.213119612507927769e+00 3.600109810627894480e-01 -1.000000000000000000e+00
5.409257565659277844e+01 5.065814227294967509e+01 3.607004470171732424e-01 -1.000000000000000000e+00
1.469586249765407899e+02 1.654287419091776599e+02 3.637650276202310518e-01 -1.000000000000000000e+00
8.830950969945254769e+01 1.695394440829914799e+02 3.662987878549190390e-01 1.000000000000000000e+00
9.867159217002144089e+01 1.502975616046537652e+02 3.707775419668380978e-01 -1.000000000000000000e+00
2.538828593615331641e+01 1.483807752071209336e+02 3.714256809807190418e-01 -1.000000000000000000e+00
9.995773801340763498e+01 8.584759953831471080e+01 3.720010668690273414e-01 -1.000000000000000000e+00
1.946806346140458857e+02 4.371607867380083690e+01 3.741185210017333174e-01 -1.000000000000000000e+00
6.498147567521563417e+01 1.605079974909476448e+02 3.756893646734777992e-01 1.000000000000000000e+00
1.978214471527472824e+02 1.100072685395489742e+02 3.760845533262968110e-01 -1.000000000000000000e+00
1.383134693926174918e+02 1.733634008110316813e+02 3.775726491376303895e-01 1.000000000000000000e+00
1.262555183710133377e+02 1.847308750268999233e+01 3.784663762437490142e-01 1.000000000000000000e+00
2.782719485405610982e+01 3.168332025057032908e+01 3.785381164855435854e-01 -1.000000000000000000e+00
1.438715947182401180e+02 1.142281238764186782e+02 3.796116046249744524e-01 -1.000000000000000000e+00
6.707953888296815137e+01 1.296554255102558670e+02 3.808721568127515500e-01 -1.000000000000000000e+00
6.847678596080680791e+01 4.376523975395483212e+00 3.833293440955446996e-01 1.000000000000000000e+00
1.922259197468804928e+02 1.153390443705849009e+02 3.866167440692855339e-01 1.000000000000000000e+00
8.678224194537877167e+01 1.298668146285902765e+02 3.877679716142647393e-01 -1.000000000000000000e+00
1.474318818618851310e+02 7.128863119302543794e+00 3.930765807937997569e-01 1.000000000000000000e+00
5.878540290812071589e+01 3.769854503980189975e+01 3.962807413857246108e-01 1.000000000000000000e+00
5.128503102945855829e+01 1.020048692873641158e+02 3.983800728560141780e-01 -1.000000000000000000e+00
1.796214748188286592e+02 1.556207493605909633e+02 4.001648579709017328e-01 -1.000000000000000000e+00
9.413387049331998924e+01 2.317954558495031137e+01 4.062706439720133456e-01 -1.000000000000000000e+00
1.266935982661220983e+01 9.004006725915327536e+01 4.071763398863078587e-01 -1.000000000000000000e+00
9.250866784745490179e+01 9.444147333581983617e+01 4.079383372623018866e-01 -1.000000000000000000e+00
1.345247823746584004e+02 1.702179320213408857e+02 4.082823046777037113e-01 -1.000000000000000000e+00
2.141437023430748070e+02 4.572794324129447752e-01 4.101787337053670046e-01 -1.000000000000000000e+00
5.524163496291512843e+01 1.233845263634861311e+02 4.117515257330460754e-01 -1.000000000000000000e+00
8.057822350128961375e+01 8.055580996752028966e+01 4.126886279466281948e-01 1.000000000000000000e+00
6.586575944866696375e+01 4.509671714860432701e+01 4.156807460086999195e-01 1.000000000000000000e+00
6.962785361566807296e+01 1.414739507161593579e+01 4.199138070358303110e-01 1.000000000000000000e+00
2.842987317983642725e+01 1.849452996994426357e+01 4.219304877557653044e-01 -1.000000000000000000e+00
2.382635376617097123e+01 6.314739791418477921e+01 4.225598028754739555e-01 -1.000000000000000000e+00
3.704552487417268480e+01 1.189085507761430449e+02 4.254671120994217848e-01 1.000000000000000000e+00
1.290377037224108676e+02 6.859760812372584837e+01 4.257848434441101615e-01 -1.000000000000000000e+00
1.120415010815075441e+01 1.115110866718550255e+02 4.276180303297344998e-01 1.000000000000000000e+00
2.033810612199816319e+02 1.965014830750449093e+01 4.312435996414008543e-01 -1.000000000000000000e+00
1.606577461110197760e+02 8.129950570628907691e-01 4.348752838913534369e-01 1.000000000000000000e+00
1.759501084275815401e+02 6.154256574193004070e+01 4.355238769894501649e-01 -1.000000000000000000e+00
1.346674352453525501e+02 8.745204685794809052e+01 4.408417763737949580e-01 1.000000000000000000e+00
5.042318823036154640e+01 1.092087180563854645e+02 4.441342121645490693e-01 -1.000000000000000000e+00
1.070338190398149294e+02 1.164796723594905927e+02 4.461137824748911407e-01 1.000000000000000000e+00
2.171696414676987104e+02 6.088787445503374585e+01 4.473575418721942865e-01 1.000000000000000000e+00
9.131888073513917448e+01 1.560222458856725893e+02 4.506247154135219479e-01 -1.000000000000000000e+00
2.211332297444509720e+02 1.494456051139916042e+02 4.522096095672828997e-01 -1.000000000000000000e+00
1.996814592559262280e+02 1.453320256930502978e+02 4.586995722934898989e-01 -1.000000000000000000e+00
1.166279737022835938e+01 1.190799814406041151e+02 4.587235240131596892e-01 -1.000000000000000000e+00
2.064294895313275617e+02 1.529360408317586817e+01 4.596652672780255910e-01 -1.000000000000000000e+00
4.489333171732528172e+01 9.021788963951577500e+01 4.603179579623709605e-01 1.000000000000000000e+00
1.262539651422899851e+02 1.285331560897896850e+02 4.676831712419324827e-01 -1.000000000000000000e+00
1.161112079477902910e+02 1.048366026946610532e+02 4.688530908941496711e-01 1.000000000000000000e+00
1.742769796706233763e+02 1.139289767573066854e+02 4.693051981033188325e-01 1.000000000000000000e+00
2.326861312086387272e+02 4.284211214776228616e+01 4.702772178336001030e-01 1.000000000000000000e+00
5.236651461437679700e+01 1.231404389699383444e+02 4.704043594060224875e-01 -1.000000000000000000e+00
1.244379389771720383e+02 1.126820902119477239e+02 4.713173801473052871e-01 1.000000000000000000e+00
1.492463525358712104e+02 8.253851560397055209e+01 4.713904302660819612e-01 1.000000000000000000e+00
6.467874257464404764e+01 4.207084205692368073e+01 4.750149017560558740e-01 -1.000000000000000000e+00
5.225710743064819752e+00 1.007075621174209061e+02 4.760729944213448750e-01 -1.000000000000000000e+00
1.383412298539681444e+02 2.755157578728270806e+01 4.860538249910903441e-01 1.000000000000000000e+00
1.379158678366141260e+02 9.871171990116226880e+01 4.889700734671756921e-01 -1.000000000000000000e+00
1.868101946095477501e+02 6.135541057076589766e+01 4.899122107829758654e-01 -1.000000000000000000e+00
1.991672695999948814e+02 1.270486162767848697e+02 4.899821104828813723e-01 1.000000000000000000e+00
4.410114032465514811e+01 4.408284566095828083e+00 4.933235809376890213e-01 1.000000000000000000e+00
1.700838741140489105e+02 4.663663611728073732e+01 4.947492989908776617e-01 1.000000000000000000e+00
2.112364227091961766e+02 2.610615829795964160e+01 4.958079499755800312e-01 1.000000000000000000e+00
1.653564666666169671e+02 5.523681140901565101e+01 4.963014936027440038e-01 -1.000000000000000000e+00
2.372847895402089193e+02 1.610965805964076765e+02 4.965077534518959057e-01 1.000000000000000000e+00
1.420782668462257448e+02 1.668303411997576688e+02 5.007510737239226906e-01 1.000000000000000000e+00
2.028747470771386361e+02 9.311846371601370720e+01 5.039591940457638364e-01 -1.000000000000000000e+00
1.607651284512372740e+02 3.939317086809636947e+01 5.049032088204814528e-01 1.000000000000000000e+00
6.497156520578559480e+01 1.232846431911693088e+02 5.064268990025840855e-01 1.000000000000000000e+00
1.424490350632450202e+02 8.573354781199962815e+01 5.078246969933569721e-01 1.000000000000000000e+00
2.300824221324091070e+02 1.341172707629035585e+02 5.078943230958545829e-01 -1.000000000000000000e+00
2.160425278834677272e+02 8.065774867499195011e+01 5.082569264574982038e-01 -1.000000000000000000e+00
1.682612316667474204e+02 2.680160086287401455e+01 5.143137419548041711e-01 -1.000000000000000000e+00
7.190602337088552076e+01 8.422115979776373251e+01 5.157492554931115691e-01 1.000000000000000000e+00
1.518081414768510626e+02 9.670074942114572991e+01 5.171316480188045128e-01 1.000000000000000000e+00
1.779905928405131590e+02 1.745572554648679215e+02 5.180124396917809015e-01 1.000000000000000000e+00
2.292313038552217392e+02 1.048809998518209738e+02 5.186982528471997256e-01 -1.000000000000000000e+00
5.207700179790843720e+01 3.678455342989368404e+01 5.190628025665269263e-01 -1.000000000000000000e+00
2.287631375083132639e+02 1.801047219050008152e+01 5.194527090032372563e-01 1.000000000000000000e+00
4.776343160314715419e+01 7.936907534564225841e+01 5.218218069120067470e-01 -1.000000000000000000e+00
1.182904089514950101e+02 1.972949645731404900e+01 5.278492327530655004e-01 1.000000000000000000e+00
2.315576394105256099e+02 5.466156283531263682e+01 5.289639845789714245e-01 1.000000000000000000e+00
7.456614768144731897e+01 1.792250829691481613e+02 5.290585308023851852e-01 1.000000000000000000e+00
1.473903739136477498e+02 9.293730880299591490e+00 5.377852880348016340e-01 -1.000000000000000000e+00
1.948331221302575500e+02 1.772566602179642814e+02 5.383307687487163262e-01 1.000000000000000000e+00
1.440816723946043965e+02 1.524727522311133328e+02 5.383981000034142594e-01 -1.000000000000000000e+00
1.149480466548435089e+02 1.030499626287442538e+02 5.410059934525798253e-01 1.000000000000000000e+00
2.300582176852206260e+02 7.476015172501193717e+01 5.410108791532309835e-01 1.000000000000000000e+00
1.545462219511656770e+02 1.201231420539573236e+02 5.426184786949219685e-01 1.000000000000000000e+00
1.243833873643421981e+02 1.311660348647999115e+02 5.434920226935193721e-01 1.000000000000000000e+00
1.378938076626320992e+02 8.359060005941735483e+01 5.450145277469514715e-01 -1.000000000000000000e+00
4.031088000864613718e+01 1.480172876788769258e+02 5.477724986182979094e-01 -1.000000000000000000e+00
6.503132777515280338e+01 1.522410043166529476e+02 5.524909358698516515e-01 1.000000000000000000e+00
3.998422005945899116e+01 6.103229455330172470e+01 5.527906437683927088e-01 -1.000000000000000000e+00
1.249167547902674187e+02 1.587915724627757186e+02 5.576494936668624502e-01 1.000000000000000000e+00
2.090277012202205356e+02 1.770179172112204355e+02 5.581702019944640991e-01 1.000000000000000000e+00
1.261448055289958745e+02 3.453212194845080774e+01 5.602960172661995975e-01 1.000000000000000000e+00
1.141548521960006610e+02 2.887583480885122356e+01 5.603486676372128050e-01 -1.000000000000000000e+00
9.828551197867912492e+01 1.538878799779012070e+02 5.616015012343960056e-01 -1.000000000000000000e+00
1.028484383183327964e+02 1.261159143313297477e+02 5.618251485507435028e-01 -1.000000000000000000e+00
1.450042732353868935e+01 1.197005550252230819e+02 5.634654351850489906e-01 -1.000000000000000000e+00
7.210781210055330348e+00 1.424588078253155459e+02 5.635639398516224530e-01 1.000000000000000000e+00
2.274094026780804825e+02 1.112209211258173696e+02 5.636256431117866450e-01 -1.000000000000000000e+00
2.146399030248761619e+01 1.069199485194669421e+02 5.655569413469802020e-01 -1.000000000000000000e+00
7.150495254665332823e+01 1.294540095611182551e+02 5.657568869833745628e-01 1.000000000000000000e+00
1.583077987943413802e+02 9.476675802234122870e+00 5.660216011348387921e-01 1.000000000000000000e+00
1.351659723641608650e+02 3.964488596166441425e+01 5.683977968703458616e-01 -1.000000000000000000e+00
4.615152713876157264e+01 1.191901862293185275e+02 5.714820922697223526e-01 1.000000000000000000e+00
1.326190432285306144e+02 1.314206842961931727e+02 5.726220081806894235e-01 -1.000000000000000000e+00
1.613275394019357805e+02 1.086770548348475955e+02 5.774391325107179895e-01 1.000000000000000000e+00
2.076798610232524425e+02 4.715722539818893466e+01 5.781530230810348892e-01 -1.000000000000000000e+00
9.605866252521950344e+01 8.917546478578053382e+01 5.782305988353733106e-01 -1.000000000000000000e+00
1.180450521944991351e+02 7.794710952009205052e+00 5.802816272199717851e-01 1.000000000000000000e+00
8.364773385839620801e+01 5.313522239463048891e+01 5.809360011065274332e-01 1.000000000000000000e+00
2.134433591013953730e+02 1.443884405185819446e+02 5.861692754475066325e-01 -1.000000000000000000e+00
5.093523053184529914e+01 8.449089075766298151e+01 5.890222504245612445e-01 1.000000000000000000e+00
1.917642043431332297e+02 1.563507269724419757e+02 5.927090943957941116e-01 1.000000000000000000e+00
1.912237932907384845e+02 1.060656015173512401e+02 5.966156213161261102e-01 1.000000000000000000e+00
9.163006649905835843e+01 2.689221042311019261e+01 5.999902987951556410e-01 1.000000000000000000e+00
8.337245928745120693e+01 8.112811009510640758e+01 6.007287531337694997e-01 1.000000000000000000e+00
7.620598120546890897e+00 6.648821168191935271e+01 6.011325209946375425e-01 1.000000000000000000e+00
1.537510104940213296e+02 5.712038016910100424e+01 6.095845020576229345e-01 -1.000000000000000000e+00
1.926809295659465988e+02 1.251159257430525251e+01 6.099622046279005172e-01 -1.000000000000000000e+00
2.105246135078359941e+02 2.254941089514916541e+01 6.106661632444131405e-01 -1.000000000000000000e+00
1.490804451983507022e+02 1.394326675728492262e+02 6.154479125477987367e-01 1.000000000000000000e+00
2.183872467726437208e+02 9.491997454678281088e+01 6.160620745421961919e-01 1.000000000000000000e+00
2.961050545001176815e+01 1.361640085292352698e+00 6.165228268277592738e-01 1.000000000000000000e+00
2.170357953415956942e+01 1.403354125871290137e+02 6.170518483802450715e-01 1.000000000000000000e+00
7.267666643998313702e+01 2.235546360352747541e+01 6.186113140124277487e-01 -1.000000000000000000e+00
8.436151233820350370e+00 1.723238152601153956e+02 6.202599106168604770e-01 -1.000000000000000000e+00
6.346279272383013392e+01 1.701461303182477138e+02 6.204346095752101276e-01 1.000000000000000000e+00
1.253447246778850257e+02 1.122286326239430139e+02 6.212330316876062408e-01 1.000000000000000000e+00
1.460221657420453880e+02 8.780792282523354686e+01 6.217779661027499349e-01 1.000000000000000000e+00
2.232600089394541101e+02 7.223398689912559689e+01 6.238484504774816086e-01 -1.000000000000000000e+00
1.437287592641217771e+02 5.494253259750911944e+00 6.277446779640051266e-01 1.000000000000000000e+00
1.643285311627795977e+02 8.122971273146437454e+01 6.282314758563815049e-01 1.000000000000000000e+00
1.154559654239438942e+02 9.202849053887399577e+01 6.291443180276290459e-01 -1.000000000000000000e+00
4.950174316122532048e+01 1.065232210326672657e+02 6.330979120699394835e-01 1.000000000000000000e+00
2.217898070420733347e+01 7.609317379250275337e+01 6.331139548671641526e-01 -1.000000000000000000e+00
1.690986470039198650e+02 1.234588262905650993e+02 6.344020987575897941e-01 1.000000000000000000e+00
1.964408906256265297e+01 1.298795215639134710e+02 6.364800448171672453e-01 -1.000000000000000000e+00
1.501862937213647911e+02 1.057377735535555132e+02 6.425627373231163064e-01 1.000000000000000000e+00
1.344895032460189270e+02 1.749563099077770687e+02 6.432369554166882386e-01 -1.000000000000000000e+00
4.094352352127234695e+01 3.203078393238748589e+01 6.433213983413641479e-01 -1.000000000000000000e+00
3.829832156021046785e+01 5.481087636256415863e+01 6.488719781355636318e-01 -1.000000000000000000e+00
9.950816483543279389e+01 6.139829283355135559e+00 6.498041562922107772e-01 -1.000000000000000000e+00
1.052315881741444485e+02 8.749820830018180118e+01 6.520213791418727478e-01 -1.000000000000000000e+00
2.166654298055169932e+02 9.611766038729635397e+01 6.533867303299855100e-01 1.000000000000000000e+00
1.556357592087188948e+02 1.616515175696682718e+02 6.534923743316022327e-01 -1.000000000000000000e+00
1.894910404965661712e+02 1.034208901815318313e+02 6.644907055747524272e-01 1.000000000000000000e+00
9.267062336510658582e+00 1.709738775938722313e+02 6.674968803810779061e-01 -1.000000000000000000e+00
1.421673209833068441e+01 9.902591209937374117e+01 6.691789346111065573e-01 -1.000000000000000000e+00
1.121454731127249147e+02 4.047082773945611223e+00 6.730614839431457996e-01 1.000000000000000000e+00
4.353161066375832888e+01 1.182734622366420467e+02 6.762297710269108419e-01 -1.000000000000000000e+00
1.276268826328939454e+01 8.708565482023662696e+01 6.784062167847743074e-01 -1.000000000000000000e+00
1.003176386882737745e+02 9.254408177256378565e+01 6.788191905880019972e-01 -1.000000000000000000e+00
9.387384376096723315e+01 7.986384226850738344e+01 6.797125019575730454e-01 1.000000000000000000e+00
5.870568515297343737e+01 8.877430136721280007e+01 6.850769650334948002e-01 -1.000000000000000000e+00
1.947005766972412459e+02 7.331453474547646465e+01 6.863534623651642574e-01 -1.000000000000000000e+00
5.557132942751721316e+01 1.693786253661326668e+02 6.863630365075824580e-01 -1.000000000000000000e+00
1.433314158271645908e+02 1.386160323814679352e+01 6.868136688531261136e-01 -1.000000000000000000e+00
1.984016114268852391e+02 1.472980767751138842e+02 6.908408045145423282e-01 1.000000000000000000e+00
1.951255527177766282e+02 1.685449036258193303e+02 6.944531733509540228e-01 -1.000000000000000000e+00
1.425030930158729632e+02 5.340745424693408694e+01 6.952940005470480411e-01 -1.000000000000000000e+00
1.275968817301425133e+02 1.500652126569505924e+02 6.958256971415149872e-01 1.000000000000000000e+00
1.168715080483862856e+01 2.045111837438354030e+01 6.967118156197114054e-01 1.000000000000000000e+00
1.714797288298761089e+02 7.688253822018327810e+01 6.975657971911498612e-01 -1.000000000000000000e+00
1.969499889073488816e+02 1.036118896575066373e+02 6.979411841313521991e-01 -1.000000000000000000e+00
1.283259649806755363e+02 1.757426909427537112e+02 6.982240512881502381e-01 -1.000000000000000000e+00
1.937237762082030201e+02 6.208129491277450995e+01 6.984455089756397284e-01 -1.000000000000000000e+00
1.949903270680548530e+02 7.050430589691426064e+01 7.001494299155273104e-01 1.000000000000000000e+00
4.471268457646652905e+01 7.545203549136228105e+01 7.007580277317132511e-01 1.000000000000000000e+00
1.579848933586876001e+02 1.760663403994801115e+02 7.032157354081248757e-01 -1.000000000000000000e+00
3.388054414279676507e+01 1.251589810341023252e+02 7.038374868158756570e-01 1.000000000000000000e+00
2.228443816059312894e+02 3.623370586508782054e+01 7.059933441763698303e-01 1.000000000000000000e+00
1.199583787279922120e+02 9.082446395969225250e+01 7.070655378404880897e-01 -1.000000000000000000e+00
1.000287195996860987e+02 7.435812103876651236e+01 7.079960455576307377e-01 1.000000000000000000e+00
1.255880401866333784e+02 1.676657953271773351e+02 7.080503322881472883e-01 -1.000000000000000000e+00
1.713544879799217142e+02 1.153706242763300054e+02 7.087377661429576925e-01 -1.000000000000000000e+00
5.870478087943141787e+01 7.980374130131038157e+01 7.095956397747417155e-01 1.000000000000000000e+00
3.011404270729969568e+01 4.678496739046491371e+01 7.142049489422100939e-01 -1.000000000000000000e+00
2.183398986746162223e+02 1.067792358831125341e+02 7.170634068274607253e-01 1.000000000000000000e+00
1.083973595003740087e+02 1.231438419520094101e+02 7.180480110419580342e-01 1.000000000000000000e+00
1.791013056044917846e+02 1.115593537838852711e+02 7.184132577406198150e-01 -1.000000000000000000e+00
7.973169889576351466e+01 1.259354146312443845e+02 7.191904564622704221e-01 -1.000000000000000000e+00
1.006681266608564442e+02 1.041213344572195787e+01 7.269762789645680678e-01 1.000000000000000000e+00
7.375691649434013186e+01 6.445024144741154259e+01 7.277748615388698328e-01 -1.000000000000000000e+00
1.406948286350343835e+02 8.558977286669794182e+01 7.280966100110523032e-01 1.000000000000000000e+00
1.730473624658883978e+02 8.100292259023626684e+01 7.338601515544641574e-01 -1.000000000000000000e+00
1.222996598892058415e+02 1.479483908633532678e+02 7.372581819183169349e-01 -1.000000000000000000e+00
8.784913942093547234e+01 5.836516579917285341e+00 7.379884176494827530e-01 1.000000000000000000e+00
1.857496883250112418e+01 1.588453338294655381e+01 7.399741200691637433e-01 -1.000000000000000000e+00
2.347230420574523180e+01 4.717273464004787797e+01 7.443537171575570488e-01 -1.000000000000000000e+00
7.188677080358264959e+01 9.783013326409223964e+01 7.475400466636592522e-01 1.000000000000000000e+00
2.969049926069150303e+01 9.998078699391155055e+01 7.483306599529150338e-01 -1.000000000000000000e+00
2.041014746177293944e+02 6.250333009443468057e+01 7.516687519239065862e-01 1.000000000000000000e+00
1.967523384291443023e+01 1.160300972229161260e+02 7.523950622725381621e-01 1.000000000000000000e+00
1.199020608826518810e+02 6.212388121647050454e+00 7.531632883428662772e-01 1.000000000000000000e+00
1.029331807880148801e+02 1.551040317614056789e+02 7.547909035869011518e-01 1.000000000000000000e+00
4.056482935184542171e+00 6.354088324877537275e+01 7.591580243907646297e-01 1.000000000000000000e+00
9.994798922204658709e+01 1.145598993701928237e+01 7.610725441986105899e-01 -1.000000000000000000e+00
6.181056295920770083e+01 5.436309072380793594e+01 7.616415981107450550e-01 -1.000000000000000000e+00
1.965625562426211275e+02 1.955453286658126544e+01 7.628301782748816429e-01 1.000000000000000000e+00
1.907790998361577408e+02 1.467881322702683917e+02 7.637049553859294182e-01 -1.000000000000000000e+00
1.163163513653039445e+02 1.537984828622737723e+02 7.657624432958426430e-01 -1.000000000000000000e+00
2.875738048388782175e+01 1.064123549548478991e+02 7.680088925280366130e-01 1.000000000000000000e+00
6.536138895088251388e+01 2.434170794946678029e+01 7.683091174843276194e-01 -1.000000000000000000e+00
1.120846619216586504e+02 5.832842639568811904e+01 7.708503220566584879e-01 1.000000000000000000e+00
4.063247096805056202e+01 8.091480792762941121e+01 7.713079997760245998e-01 1.000000000000000000e+00
2.122166120593444987e+02 4.840895455352908527e+01 7.753213400103525776e-01 -1.000000000000000000e+00
2.003814729929842997e+01 1.732600592420845942e+01 7.756382390621356926e-01 1.000000000000000000e+00
1.615872015868282574e+02 1.915350185956853934e+01 7.776692319483407001e-01 1.000000000000000000e+00
2.854385827458369107e+01 3.943920244321960666e+01 7.799029278377443974e-01 1.000000000000000000e+00
5.707663690856487904e+01 1.476817448262613937e+02 7.862963406799319266e-01 -1.000000000000000000e+00
2.095106860877402823e+02 7.551275884812874040e+01 7.863203342122992989e-01 1.000000000000000000e+00
1.939382386763170416e+02 1.224562689310764654e+02 7.866917831426812890e-01 -1.000000000000000000e+00
1.953698394090567092e+02 2.811148822260419422e+01 7.886207381034614494e-01 -1.000000000000000000e+00
1.475764368332789616e+02 3.293268120621477379e+01 7.886217157184364224e-01 1.000000000000000000e+00
9.406609967333166367e+01 6.668181634299931204e+01 7.888816250780498196e-01 1.000000000000000000e+00
1.862756451749693269e+02 1.712777146646803885e+02 7.900093641330964145e-01 -1.000000000000000000e+00
8.384534925359582758e+01 1.499504406213656864e+02 7.956765750912756507e-01 -1.000000000000000000e+00
1.845710192602099369e+02 1.242694739040781258e+02 7.957283822868509437e-01 -1.000000000000000000e+00
5.941963689182131247e+01 4.058772160645949256e+00 7.958573828020227836e-01 1.000000000000000000e+00
1.261948328441059459e+02 5.456477806591420432e+01 7.962166110470764169e-01 -1.000000000000000000e+00
1.776343679315398560e+02 1.012951959136303799e+02 7.989028723620721362e-01 1.000000000000000000e+00
2.042619432020525494e+02 1.165093392804894421e+02 7.989940774359990394e-01 -1.000000000000000000e+00
1.682875805399783076e+02 1.047353582594157047e+02 8.050460605462501640e-01 -1.000000000000000000e+00
7.129087698255121097e+01 7.071194148309709604e+00 8.066190848839898120e-01 1.000000000000000000e+00
1.836957074999525901e+02 7.230196355276841125e-01 8.083759559459678945e-01 -1.000000000000000000e+00
1.671070114968796645e+02 1.717819171176450084e+02 8.106063860785862607e-01 1.000000000000000000e+00
7.810424426191470104e+01 1.352548612794739995e+02 8.120581978385232880e-01 -1.000000000000000000e+00
1.613026135923183517e+02 2.012148398251214942e+01 8.125489110045343022e-01 1.000000000000000000e+00
1.534704378700768359e+02 1.775052325194905336e+02 8.165523194123029960e-01 -1.000000000000000000e+00
2.364431732266756683e+02 1.769818900636797423e+02 8.176083474238377002e-01 1.000000000000000000e+00
2.257481084790781836e+02 2.051771051325972550e+01 8.271882712282158101e-01 1.000000000000000000e+00
1.955489254152790295e+02 7.798934135547499125e+01 8.298483956307612930e-01 -1.000000000000000000e+00
2.322476856939408094e+02 1.471913309672186188e+02 8.298709609045703539e-01 1.000000000000000000e+00
2.130379294580606029e+02 1.672448484313585766e+02 8.325199640068827733e-01 1.000000000000000000e+00
6.942188098532760421e+01 4.372618228497086790e+01 8.326232446253981623e-01 -1.000000000000000000e+00
2.225395165635265755e+02 1.128372146362188033e+02 8.339316257705442492e-01 1.000000000000000000e+00
2.093304038751721663e+01 3.572760583078546404e+01 8.339769576798299333e-01 1.000000000000000000e+00
2.347433790321608456e+02 1.513152714867480313e+02 8.345391775423017799e-01 1.000000000000000000e+00
2.038445641245914715e+02 9.440154544431931072e+01 8.350555953414011690e-01 -1.000000000000000000e+00
5.274372290480654613e+01 8.553868070129017553e+01 8.359615169443612714e-01 1.000000000000000000e+00
1.927208684847705342e+02 8.901221418454018419e+01 8.369553476232243217e-01 1.000000000000000000e+00
1.910526386591689061e+02 1.295739828078887683e+02 8.421774913455736256e-01 1.000000000000000000e+00
1.300801260484196860e+02 2.626745857473492407e+01 8.461116132842262383e-01 1.000000000000000000e+00
2.896170074095828539e+01 1.458241970900936337e+02 8.462449593048086971e-01 -1.000000000000000000e+00
7.932029185795271076e+01 1.030628039629135628e+01 8.473519788623308235e-01 1.000000000000000000e+00
8.577752236437615352e+01 4.023175943672468335e+00 8.543796643607705077e-01 1.000000000000000000e+00
1.732021530480997171e+02 4.140581590030708270e+01 8.552929044731280017e-01 1.000000000000000000e+00
8.256990787662191167e+01 1.062899074576854730e+02 8.566764405718368947e-01 1.000000000000000000e+00
1.863646961401756386e+01 1.127123675302439239e+02 8.606755325476270757e-01 -1.000000000000000000e+00
1.817616022707803438e+02 1.210890598701799270e+00 8.622519052477511936e-01 1.000000000000000000e+00
2.384885189252175337e+02 1.027814519131805184e+02 8.625806409212858350e-01 -1.000000000000000000e+00
1.436689962390983624e+02 2.432175082999010129e+01 8.634608619587785805e-01 1.000000000000000000e+00
4.986622837139830722e+01 7.855926637406464863e+01 8.649742008513161551e-01 -1.000000000000000000e+00
2.058467296933762896e+02 2.424942693833827079e+01 8.659097669100531691e-01 -1.000000000000000000e+00
2.048600951024288861e+02 5.538289286788777588e+01 8.664022189778592953e-01 1.000000000000000000e+00
3.944321816785857493e+01 1.125839751805242201e+02 8.665304712049405333e-01 -1.000000000000000000e+00
2.307284992831580723e+02 1.634131619528735087e+02 8.674335107103058329e-01 1.000000000000000000e+00
1.338015266245643318e+02 4.033129279899975472e+01 8.710867197775611359e-01 -1.000000000000000000e+00
1.535836393912577478e+02 2.948485391520621590e+01 8.714921429115580764e-01 -1.000000000000000000e+00
1.360198955687649516e+02 1.038238217019631406e+02 8.742007851087458814e-01 1.000000000000000000e+00
2.181771908221746799e+02 1.699962823558664979e+02 8.744332991899550489e-01 -1.000000000000000000e+00
1.846285657420422410e+02 6.195779776501150593e+01 8.757457827716513821e-01 -1.000000000000000000e+00
2.760276805261900890e+00 1.430309912143329711e+02 8.771118045256215412e-01 -1.000000000000000000e+00
1.035924162745832575e+02 1.789160327248655165e+02 8.771861657193288364e-01 1.000000000000000000e+00
1.781700530119833275e+02 1.401278005479875901e+02 8.782198052867504767e-01 1.000000000000000000e+00
1.153172285119888727e+02 1.766978713831877599e+02 8.842118158275281692e-01 1.000000000000000000e+00
6.478421764030842667e+01 1.377942185188137216e+02 8.858144533769543028e-01 1.000000000000000000e+00
4.305577785930898571e+00 1.665550265201659101e+02 8.880741966475111937e-01 -1.000000000000000000e+00
1.070911809523875604e+02 1.577924566998658520e+02 8.912807044923393152e-01 -1.000000000000000000e+00
7.571919186591536288e+01 4.738342321475172980e+01 8.925555177998570899e-01 1.000000000000000000e+00
2.120149347689485353e+02 5.579496838661836478e+01 8.943400810565163006e-01 1.000000000000000000e+00
2.250340212034895870e+00 7.811958057009563561e+01 8.950565920657310715e-01 -1.000000000000000000e+00
2.134910028030982687e+02 1.758955529707530374e+01 9.020568361661573942e-01 -1.000000000000000000e+00
9.019829633814131853e+01 5.631122629560631054e+01 9.074985952413406887e-01 -1.000000000000000000e+00
3.237913486515887485e+01 1.066149955557115589e+02 9.090144859727748994e-01 -1.000000000000000000e+00
1.581741041394722913e+02 6.142883473026637375e+01 9.092847478510877046e-01 -1.000000000000000000e+00
4.727451917947504256e+01 7.331214702073071976e+01 9.106017872014181558e-01 -1.000000000000000000e+00
1.557406703824985641e+02 1.714882765575130747e+02 9.116202815145201255e-01 1.000000000000000000e+00
1.278773817755126885e+02 2.557205411021377017e+01 9.118559518754185689e-01 1.000000000000000000e+00
1.701659007457647590e+02 4.232062029321312480e+01 9.118627654449519282e-01 1.000000000000000000e+00
1.834867198584187236e+02 1.485164221757609937e+02 9.122090596228379367e-01 -1.000000000000000000e+00
8.108981600003400558e+01 1.458927957239259001e+02 9.125667259129408571e-01 -1.000000000000000000e+00
1.266934959230134439e+01 1.553344562089577039e+02 9.137307054743172285e-01 -1.000000000000000000e+00
2.112752374325240510e+02 1.475702379311891264e+02 9.146091678382204382e-01 -1.000000000000000000e+00
1.332657522559692609e+01 1.233264885434759748e+02 9.147053186619251708e-01 1.000000000000000000e+00
1.886081381701537651e+01 2.998567955227442638e+01 9.180673781207833173e-01 -1.000000000000000000e+00
2.067214490802788305e+02 3.351618243423823884e+01 9.206753860842660231e-01 1.000000000000000000e+00
1.982351264196734633e+02 4.847490826276153797e+01 9.223874216169540841e-01 -1.000000000000000000e+00
4.540341790792634669e+00 1.352652002010519894e+01 9.226574635163371507e-01 -1.000000000000000000e+00
9.903451675044937019e+01 1.223436380833935573e+02 9.268660276748168503e-01 -1.000000000000000000e+00
1.079642362210702515e+02 1.374632450321709882e+02 9.318644796567319144e-01 -1.000000000000000000e+00
3.564939675945254294e+01 1.330818165856429118e+02 9.318826856571914563e-01 1.000000000000000000e+00
1.692070608971612273e+02 9.658825496080889650e+01 9.319096511736875144e-01 1.000000000000000000e+00
6.132853217510677268e+01 1.410007736611580356e+02 9.344846459408089334e-01 1.000000000000000000e+00
2.659452336096199687e+01 1.950454182628003963e+01 9.355331428023148099e-01 1.000000000000000000e+00
1.926652809908071617e+02 1.443994071623510820e+02 9.367588579911340085e-01 -1.000000000000000000e+00
2.450365117148338712e+01 1.060939759850257644e+02 9.382434674147905884e-01 1.000000000000000000e+00
1.082993848762659468e+02 3.534181207019156545e+01 9.395341532307533994e-01 -1.000000000000000000e+00
3.860847480783108665e+01 1.128058336849547914e+02 9.439667989571280948e-01 1.000000000000000000e+00
1.820788055698987478e+02 1.129169727076455416e+02 9.441762180898833900e-01 1.000000000000000000e+00
2.055409944846336145e+02 7.007653949297902329e+01 9.449698061346361033e-01 1.000000000000000000e+00
7.113398332476111818e+01 1.529417763215527657e+02 9.455761163027144311e-01 1.000000000000000000e+00
1.038613500877588649e+02 3.652558716053007082e+00 9.456154569255073028e-01 1.000000000000000000e+00
1.354994023152477212e+02 1.762295913910042771e+02 9.479594041972631002e-01 1.000000000000000000e+00
3.982021527415648166e+01 1.480800776953890079e+02 9.514850939562639054e-01 -1.000000000000000000e+00
1.916310276645735655e+01 1.205398694241141158e+02 9.519273105318809547e-01 1.000000000000000000e+00
6.797944500521217037e+01 9.536625160436520332e+01 9.528627960117967977e-01 1.000000000000000000e+00
9.233731523456670232e+01 1.042146161782262226e+02 9.535882040517318359e-01 -1.000000000000000000e+00
1.149080291215021390e+02 1.189977694195474669e+02 9.645609808918097494e-01 -1.000000000000000000e+00
2.078332602462145076e+02 1.014504321210182241e+02 9.654200813585852581e-01 -1.000000000000000000e+00
7.700085794679621642e+01 6.572731561077732465e+01 9.665387016841585632e-01 1.000000000000000000e+00
9.021619223584289671e+01 3.466218677540034321e+01 9.715400873640953616e-01 -1.000000000000000000e+00
